[0.19852192 0.20124893 0.20343073 0.27885987 0.49564998 0.41101637
 0.28467615 0.33129696 0.38922353 0.42034322 0.47191036 0.42890418
 0.33089587 0.35474597 0.47715759 0.37022873 0.43279294 0.3580629
 0.47001928 0.37318245 0.50153305 0.37519668 0.43065497 0.37777613
 0.45938671 0.28135747 0.44495789 0.45688948 0.36543891 0.37304711
 0.29543781 0.49920539 0.35516932 0.47708362 0.47990438 0.52970325
 0.46535236 0.44653042 0.45866682 0.45814749 0.39609027 0.45839486
 0.32676453 0.53046108 0.56047352 0.57325784 0.58879167 0.54840104
 0.56316415 0.54221102 0.57824512 0.5706846  0.56256718 0.59148157
 0.60718807 0.67149295 0.59932611 0.68690381 0.64122075 0.59450759
 0.65119707 0.60745347 0.59994813 0.60135099 0.67673619 0.67780261
 0.69562667 0.5944253  0.69928381 0.8875772  0.70726028 0.75028071
 0.7459792  0.83570796 0.72734914 0.82349771 0.83932541 0.79759313
 0.74376707 0.7221177  0.80970246 0.90115083 0.72515744 0.79546706
 0.85679764 0.88363326 0.75933284 0.90505651 0.70550757 0.75356364
 0.87251957 0.89858454 0.81162591 0.86481206 0.88547323 0.74473649
 0.86314927 0.75525353 0.8532134  0.86314658 0.90407612 0.7894346
 0.86168312 0.72436729 0.83547882 0.71100735 0.69954918 0.80698652
 0.81992404 0.90953226 0.93213782 0.92989563 0.9130836  0.93339228
 1.39895177 1.35176069 1.2777466  1.11676938 1.00160071 1.52221861
 1.19098249 1.06936993 1.26507017 1.28570068 1.16494528 1.21360093
 1.1336431  1.09179165 1.04517366 1.16846856 1.02063073 1.44180611
 1.53345358 1.04383132 1.15545598 0.99121363 1.18342545 1.14429587
 0.95837103 1.18845986 1.16995033 1.0021918  1.25921192 1.06554905
 1.10873899 1.3582185  1.23959341 0.95215812 1.11924495 1.00254796
 0.93619735 1.14355381 1.13186024 0.97827901 0.99219024 1.08849661
 1.14745278 1.35602764 1.0005709  1.08715884 1.53162659 1.49104109
 1.46218345 1.36269745 1.2566827  1.26170879 1.34772559 1.27369745
 1.12135247 1.28138662 1.30506358 1.48324213 1.51606972 0.93862347
 1.0648044  1.09760168 1.29582509 1.54570361 1.74622914 1.78334923
 1.61502878 1.83876392 1.69824012 1.62407453 1.66478709 1.569019
 1.91540801 1.94672211 1.93880846 1.97968931]